image_width: 640
image_height: 480
image_size: [480, 640]
camera_name: narrow_stereo/right
camera_matrix:
  rows: 3
  cols: 3
  data: [264.554463, 0.000000, 325.964115, 0.000000, 264.371257, 231.236424, 0.000000, 0.000000, 1.000000]
distortion_model: plumb_bob
distortion_coefficients:
  rows: 1
  cols: 5
  data: [-0.004492, -0.011869, -0.000063, 0.000382, 0.000000]
rectification_matrix:
  rows: 3
  cols: 3
  data: [0.999842, 0.002626, -0.017568, -0.002609, 0.999996, 0.000965, 0.017570, -0.000919, 0.999845]
projection_matrix:
  rows: 3
  cols: 4
  data: [270.122394, 0.000000, 345.026276, -15.774784, 0.000000, 270.122394, 234.505875, 0.000000, 0.000000, 0.000000, 1.000000, 0.000000]
rotation_matrix:
   rows: 3
   cols: 3
   data: [0.9999695442296456, 0.00016133342692500996, 0.0078028574689158366, -0.00014672308275418263, 0.999998235223885, -0.0018729712898357031, -0.007803145871496069, 0.0018717693877500885, 0.999967803178616]
translation_vector:
   rows: 3
   cols: 1
   data: [-0.058389438683387467, -0.00015334662724882689, 0.001025924530633479]